"","sample1"
"NoDeriv_C",0.5
"NoDeriv2Tracer_C",0.5
"NoDeriv2Tracer_N",0.5
